Zeit: 0.000000;Tasks;Runtime;Average Message Roundtrip Time;Average Message Send Time
Zeit: 0.073767;6;0.065156;0.000003;0.000001
Zeit: 0.073677;6;0.064856;0.000003;0.000001
Zeit;Tasks;Runtime;Average Message Roundtrip Time;Average Message Send Time
