Zeit: 0.000000;Tasks;Runtime;Average Message Roundtrip Time;Average Message Send Time
Zeit: 3.395521;26;3.322517;0.000166;0.000006
Zeit: 3.391006;26;3.304104;0.000165;0.000006
Zeit;Tasks;Runtime;Average Message Roundtrip Time;Average Message Send Time
