Zeit: 0.000000;Tasks;Runtime;Average Message Roundtrip Time;Average Message Send Time
Zeit: 3.804895;34;3.752293;0.000188;0.000006
Zeit: 3.993325;34;3.940593;0.000197;0.000006
Zeit;Tasks;Runtime;Average Message Roundtrip Time;Average Message Send Time
