Zeit: 0.000000;Tasks;Runtime;Average Message Roundtrip Time;Average Message Send Time
Zeit: 0.058694;4;0.051289;0.000003;0.000001
Zeit: 0.062277;4;0.054128;0.000003;0.000001
Zeit;Tasks;Runtime;Average Message Roundtrip Time;Average Message Send Time
