Zeit: 0.000000;Tasks;Runtime;Average Message Roundtrip Time;Average Message Send Time
Zeit: 2.161505;18;2.124204;0.000106;0.000006
Zeit: 2.286304;18;2.249108;0.000112;0.000006
Zeit;Tasks;Runtime;Average Message Roundtrip Time;Average Message Send Time
