Zeit: 0.000000;Tasks;Runtime;Average Message Roundtrip Time;Average Message Send Time
Zeit: 3.659237;36;3.609133;0.000180;0.000005
Zeit: 3.632820;36;3.578695;0.000179;0.000005
Zeit;Tasks;Runtime;Average Message Roundtrip Time;Average Message Send Time
