Zeit: 0.000000;Tasks;Runtime;Average Message Roundtrip Time;Average Message Send Time
Zeit: 2.698696;20;2.658395;0.000133;0.000007
Zeit: 2.376699;20;2.338401;0.000117;0.000006
Zeit;Tasks;Runtime;Average Message Roundtrip Time;Average Message Send Time
