Zeit: 0.000000;Tasks;Runtime;Average Message Roundtrip Time;Average Message Send Time
Zeit: 0.101918;8;0.087006;0.000004;0.000001
Zeit: 0.100114;8;0.087047;0.000004;0.000001
Zeit;Tasks;Runtime;Average Message Roundtrip Time;Average Message Send Time
