Zeit: 0.000000;Tasks;Runtime;Average Message Roundtrip Time;Average Message Send Time
Zeit: 3.361001;28;3.322005;0.000166;0.000006
Zeit: 3.364628;28;3.323809;0.000166;0.000006
Zeit;Tasks;Runtime;Average Message Roundtrip Time;Average Message Send Time
