Zeit: 0.000000;Tasks;Runtime;Average Message Roundtrip Time;Average Message Send Time
Zeit: 2.373416;22;2.331798;0.000117;0.000005
Zeit: 2.349262;22;2.308237;0.000115;0.000005
Zeit;Tasks;Runtime;Average Message Roundtrip Time;Average Message Send Time
