Zeit: 0.000000;Tasks;Runtime;Average Message Roundtrip Time;Average Message Send Time
Zeit: 0.065201;2;0.040734;0.000002;0.000001
Zeit: 0.044599;2;0.039655;0.000002;0.000001
Zeit;Tasks;Runtime;Average Message Roundtrip Time;Average Message Send Time
