Zeit: 0.000000;Tasks;Runtime;Average Message Roundtrip Time;Average Message Send Time
Zeit: 3.468818;30;3.405566;0.000170;0.000006
Zeit: 3.493047;30;3.441954;0.000172;0.000006
Zeit;Tasks;Runtime;Average Message Roundtrip Time;Average Message Send Time
