Zeit: 0.000000;Tasks;Runtime;Average Message Roundtrip Time;Average Message Send Time
Zeit: 2.422034;24;2.377924;0.000119;0.000005
Zeit: 2.412658;24;2.369337;0.000118;0.000005
Zeit;Tasks;Runtime;Average Message Roundtrip Time;Average Message Send Time
