Zeit: 0.000000;Tasks;Runtime;Average Message Roundtrip Time;Average Message Send Time
Zeit: 0.101520;10;0.087807;0.000004;0.000000
Zeit: 0.113679;10;0.096146;0.000005;0.000000
Zeit;Tasks;Runtime;Average Message Roundtrip Time;Average Message Send Time
