Zeit: 0.000000;Tasks;Runtime;Average Message Roundtrip Time;Average Message Send Time
Zeit: 3.889558;32;3.839312;0.000192;0.000006
Zeit: 3.715837;32;3.664652;0.000183;0.000006
Zeit;Tasks;Runtime;Average Message Roundtrip Time;Average Message Send Time
