Zeit: 0.000000;Tasks;Runtime;Average Message Roundtrip Time;Average Message Send Time
Zeit: 2.053601;16;2.020538;0.000101;0.000006
Zeit: 2.300582;16;2.262857;0.000113;0.000007
Zeit;Tasks;Runtime;Average Message Roundtrip Time;Average Message Send Time
