Zeit: 0.000000;Tasks;Runtime;Average Message Roundtrip Time;Average Message Send Time
Zeit: 0.126848;12;0.106274;0.000005;0.000000
Zeit: 0.120920;12;0.101293;0.000005;0.000000
Zeit;Tasks;Runtime;Average Message Roundtrip Time;Average Message Send Time
