Zeit: 0.000000;Tasks;Runtime;Average Message Roundtrip Time;Average Message Send Time
Zeit: 1.858338;14;1.831547;0.000092;0.000007
Zeit: 2.035556;14;2.001862;0.000100;0.000007
Zeit;Tasks;Runtime;Average Message Roundtrip Time;Average Message Send Time
